292.0072128
-112.7433956
-342.591293
-458.1171994
-504.5881551
-512.1442152
-499.5642333
-477.5837303
-452.2259847
-426.9248207
-403.6218552
-362.1470105
-295.2321424
-366.2827626
1.57983165
-45.3255549
-364.1844968
-163.7591143
-97.6101852
-30.57345032
-1206.628259
970.5800026
286.6571604
-5.27869315
-132.6465473
-179.2283007
-186.286427
-175.6912652
-158.3454647
-139.406768
-121.3379055
-105.1826293
-74.47984495
-59.05641577
-55.7582946
156.8309746
141.2597692
482.455816
-60.56287385
-64.89578018
-15.78906088
-86.38222103
394.468017
121.5349593
-9.840737375
-67.84459093
-88.38547712
-91.0039907
-85.60516268
-77.04813342
-67.7847588
-58.99409875
-51.1540259
-36.0900099
-26.28743708
-19.91837483
-15.66327222
-12.71038273
-10.57236473
-8.96013525
-6.74536145
-6.68775695
-5.864194575